Resultados fold 1
-139.1564004840877
0.1226065938439508

 {'gating': array([[ 1.18818129,  1.4610389 ,  0.77672216, -0.08557648, -2.02750129,
         0.57737931],
       [ 0.81787765, -1.16818456, -0.72990989,  0.60310946,  0.13692754,
         1.91420816],
       [-1.29241648,  0.33361373, -2.56454591, -0.92107717, -2.24361729,
        -0.73109844],
       [-0.74474862, -1.59112653, -1.37772961, -0.16072113,  0.55504003,
         2.10575026],
       [ 3.62413325,  6.1726159 ,  5.08484344,  4.13992977,  4.02871351,
        -1.38404327],
       [-1.39122073, -0.80576721,  1.37333217, -0.54614516,  2.77622198,
        -0.41231566]]), 'expert_var': [0.05, 0.05, 0.05, 0.05, 0.05, 0.05], 'expert_W1': {0: array([[ 1.77270513,  0.5489807 ,  0.95478614,  1.80910944,  0.37087242,
        -0.56926633],
       [ 0.38491374, -1.97406597,  1.33993254,  0.10251538,  1.38111892,
        -0.47979282],
       [ 1.12273994,  2.27220275,  1.50556786, -0.35415226,  1.10277566,
        -0.36952562],
       [ 1.37818677,  1.20446567,  2.30486406,  0.9495613 ,  0.87679871,
        -0.36405006],
       [ 1.04196974,  1.25322028,  0.28095662,  1.51649317,  2.11276145,
         0.57863926],
       [ 0.05047912,  2.84414466,  0.64496137,  2.42304259,  1.14419211,
         0.5416656 ],
       [-5.95110682,  3.39877922,  4.46589933, -2.02409482,  1.7631898 ,
        -1.05901965],
       [ 4.5302588 , -0.66187258, -0.53408965,  5.62866254,  1.68345585,
         1.82071718],
       [ 0.58559946, -0.20153552, -0.70948056, -0.76520922,  2.51425885,
         3.62329666]]), 1: array([[ 2.62030404e-01, -1.95113118e-01,  7.36174449e-02,
         1.87347766e+00,  2.50961620e+00,  9.96079854e-01],
       [-5.62380747e-02, -3.92846141e-01,  5.44357502e-01,
         8.50060655e-01,  5.18571591e+00,  1.33061902e+00],
       [ 1.49014839e+00,  3.69933609e+00,  1.59748775e+00,
        -4.93075001e+00,  2.11440142e+00, -1.05059981e+00],
       [ 1.78766587e+00,  4.80822493e+00,  3.75757984e+00,
         4.26961980e+00, -1.52195441e+00, -3.28671983e+00],
       [ 2.23691928e+00, -2.22704441e-01, -4.97433476e-02,
         2.73358835e+00,  2.58880383e+00,  8.61374642e-01],
       [ 6.49643671e-02,  9.71587962e-02,  5.49892278e+00,
         7.76249667e+00, -4.29535990e+00,  1.15554519e+01],
       [-1.21425197e-01, -2.59293425e-01, -2.59879538e-01,
        -8.22196920e-02,  4.86648861e+00,  4.39385792e+00],
       [ 2.28569127e+00,  3.18021878e+00,  3.89226106e+00,
        -7.23045430e-02,  6.38226533e-01,  1.16084111e+00],
       [ 1.05915073e-02, -2.98914462e-01,  4.46448512e-01,
         1.98131271e+00, -1.04574350e+00, -4.73134664e-02]]), 2: array([[-0.44523316,  0.44628646, -0.23981299,  0.36649122,  1.32106114,
         1.58717435],
       [-0.18256913,  1.73483381,  2.58758008,  1.8365856 ,  0.18043317,
        -0.46394997],
       [ 0.69684166,  0.28731081, -0.12109053,  0.04745944,  1.76880749,
         1.23353784],
       [ 1.05849461, -2.62071388,  2.25883597,  1.55277158, -0.69817971,
        -0.62429293],
       [ 0.1770816 , -0.55650802,  3.79599084, -0.68936762,  0.16799978,
         3.72910204],
       [ 0.85102081,  3.42700176,  3.56380363, -0.99853352,  2.89720999,
         3.09385793],
       [ 0.19164916, -0.64319488,  0.43047905,  0.97606   ,  1.24086311,
         0.36026718]]), 3: array([[ 0.00842919,  1.30975031,  2.1475827 , -1.01822476, -3.06195026,
        -0.39611092],
       [-0.01335904, -0.25605013,  0.13084062, -0.30283688,  2.27360369,
         0.95592866],
       [ 0.56894533,  3.27670127, -0.65141935, -0.07245592,  1.37645697,
        -0.1712269 ],
       [-0.01165218,  0.36575498, -0.1521008 , -0.31955483,  4.15644238,
         4.27746953],
       [ 0.00625836,  0.68792395,  0.19144292, -0.21433562, -0.92177629,
         1.06575536],
       [-0.06344035,  0.24257052,  0.18819747, -3.50131406,  0.04310476,
         1.40357364],
       [-0.00953595,  0.26753114,  2.18351673,  1.20557029,  1.85667479,
         0.78237364]]), 4: array([[ 1.94914241e-02,  2.44552243e-02, -4.87162323e-02,
        -1.92126054e-02, -2.32816635e+00, -1.88420444e+00],
       [ 5.90776299e-04,  1.09639948e-02,  1.26567743e-02,
         3.82450731e-02, -2.36451043e+00,  1.89576066e+00],
       [-7.85288776e-01, -4.39313170e-02,  3.22490784e+00,
        -7.09760703e-01,  1.07884037e+00,  3.43711568e+00]]), 5: array([[ 0.91205329, -0.27953237,  1.35871838,  0.4130005 ,  3.05990604,
         1.39581233],
       [-0.43926732,  0.10797312,  0.42696628,  1.3002136 , -0.72029118,
        -0.11553326],
       [ 0.35665675, -0.92474659,  6.02840782,  0.05016234,  0.55402025,
         2.06643395],
       [-0.37627641,  0.16368861, -0.2587685 ,  1.88922967,  0.53590129,
        -0.27645335]])}, 'expert_W2': {0: array([[ 1.50623279,  1.42755466,  1.36830571, -1.68597134, -2.01108099,
         1.54236204,  0.61593197,  0.75664355,  2.00030697, -0.72821008]]), 1: array([[-1.47059165,  0.56810064,  0.52133147,  0.35517653,  0.40568575,
        -3.87104462,  1.18232923, -0.35085308,  1.24019802,  3.67285059]]), 2: array([[ 2.32758047,  0.51572427,  1.04838587,  0.98385362,  0.58122002,
        -0.73175878, -1.80339629, -1.67121366]]), 3: array([[ 0.64462377,  1.40242524, -0.35701928,  1.41406989,  0.96651746,
        -0.88118217, -0.85376186, -1.62008838]]), 4: array([[-1.45047803,  1.39076588, -0.26228595, -1.45913417]]), 5: array([[ 1.4437733 ,  3.00066671, -1.07602392, -1.97336502, -0.1627021 ]])}, 'last_likelihood': -220.2882546707202, 'last_error': 0.04250458475547178}
Resultados fold 2
-112.56474832182775
0.05737031126390877

 {'gating': array([[-0.75137741, -0.43116764, -1.14426244, -0.63254618, -1.05246584,
         0.03961893],
       [-1.31751461,  0.19096001, -1.11481703, -0.4544393 , -0.88215394,
         0.25274892],
       [ 0.50823651, -0.24942191, -1.32003122, -2.91701476,  1.78332527,
         0.7003898 ],
       [ 0.89532699, -1.29630066, -1.31987095, -0.60331338, -0.75297844,
         1.80290136],
       [ 2.48598578,  5.06752962,  6.4575908 ,  5.20330179,  3.11381256,
        -1.03373024],
       [ 1.29120238,  1.19808829,  1.82370206,  2.30207181,  0.63806179,
         1.3012906 ]]), 'expert_var': [0.05, 0.05, 0.05, 0.05, 0.05, 0.05], 'expert_W1': {0: array([[-0.17381964,  0.27354354, -0.20274493,  0.14549767,  1.2529783 ,
        -0.97663758],
       [ 0.23573959,  1.43322065,  0.75563266,  1.16223722,  4.30514276,
         1.77209551],
       [ 2.18407161, -0.82632613,  2.07310719,  0.15388161,  0.05693668,
        -0.36900768],
       [ 1.0958832 ,  0.88917615,  1.44437592,  2.5929944 ,  0.21749943,
        -0.76622804],
       [-0.02251887,  0.92196455, -1.39409879,  0.35239027, -0.95083061,
        -1.48058257],
       [-0.26193657, -0.36125231,  0.15365509, -0.58644027,  1.4839998 ,
         1.04529084],
       [-2.80782385,  1.74263824,  0.2573482 ,  3.56729125,  1.16186484,
         1.09844122],
       [ 0.22347525,  1.32902244,  3.63940443, -0.33176566, -2.49136972,
         2.56740368],
       [ 0.23881044,  1.37921496,  5.64389347, -0.90867067, -2.50974211,
         3.6845263 ]]), 1: array([[ 1.89102322,  2.67812592,  1.55816894,  2.77507756,  1.77267132,
         1.98747522],
       [ 1.3464029 ,  0.59759201, -0.81306845,  1.5203435 ,  0.91314179,
         2.3390768 ],
       [ 1.45145221, -1.48547835,  1.45999931,  1.22377016,  0.21691515,
         1.97650454],
       [ 0.61476209,  0.53592259,  0.11975919, -1.34984325, -0.61747502,
         0.04145526],
       [-1.35447549,  1.06425834,  1.28952858,  5.25968978,  2.64976701,
        -2.89475613],
       [ 2.16940011, -3.79267714,  1.70985969,  0.67177021,  2.2589134 ,
         0.60717594],
       [ 0.74502834, -0.09853714,  0.98298002, -0.3764727 ,  0.68811661,
        -0.03369757],
       [ 0.08307056,  0.33579576, -0.01964752,  0.47768969,  1.5303301 ,
         2.09424092],
       [ 2.7003036 ,  2.02527395,  2.04109408,  1.49403335,  3.70060337,
         2.8622017 ]]), 2: array([[ 0.06300167,  0.05773311, -0.12013978, -0.20729757,  1.88766779,
         1.46823309],
       [ 0.65218893,  0.04612716,  0.70086693,  2.5609568 ,  4.4990756 ,
         0.62732268],
       [ 6.42993961,  5.59889029,  0.79452651,  2.53999289,  2.86397191,
        -0.81271799],
       [-0.26594874, -0.35343671,  1.20759785,  1.10139381, -1.96224799,
        -0.68454119],
       [ 0.03400509,  0.093795  ,  2.53354459, -0.17752882,  0.20678458,
         1.01547975],
       [ 0.49815028,  0.13938343,  1.21951251,  1.67879018,  4.73209397,
         0.2997437 ],
       [ 0.0068212 , -0.04270357, -1.11682143, -0.17739729,  3.84103618,
        -4.04505416]]), 3: array([[-0.04274126,  1.68223728,  0.33207198, -0.33387545,  1.40562583,
         0.51578426],
       [ 0.04700184,  0.99164388,  1.83419629, -0.17119928,  1.19527793,
         1.13797853],
       [ 0.07840245,  1.029     ,  0.14237879, -0.78017097,  1.37949852,
         2.53283217],
       [-0.00983181, -1.91859824, -0.89340258,  3.60501086,  2.34596707,
         1.62763551],
       [-0.02452694,  0.50753752, -0.00685791,  0.60902651,  2.12428771,
         2.38900169],
       [-0.17783408,  3.04130861,  2.85410437, -0.03475317,  2.106942  ,
         1.0529776 ],
       [-0.02923404,  2.13365958,  1.33107379,  2.16139536,  1.04683712,
         0.78952294]]), 4: array([[ 8.32721505e-03,  4.47606019e-02,  2.00681928e-02,
         2.99792829e-03,  2.14298499e+00,  1.80782549e+00],
       [ 5.58807584e-01,  1.84542862e+00,  3.37725574e+00,
        -2.57389080e-01,  3.25715464e+00,  4.72706698e+00],
       [-4.36665097e-03, -5.14780739e-03, -9.36784904e-03,
        -3.20988601e-02,  2.22415127e+00, -1.82425588e+00]]), 5: array([[ 0.04881828, -0.20941587,  0.02995464,  3.79639176, -0.21194612,
        -1.55639719],
       [-2.36418135,  9.85524687,  7.66302343, -1.42805482, -4.79564458,
         0.13241719],
       [ 0.02685816, -0.0691817 , -0.07577736, -0.14797328,  1.59000737,
         1.83081122],
       [ 0.17393838, -0.07826915,  0.34543517,  3.62856865,  3.51732042,
         0.2505811 ]])}, 'expert_W2': {0: array([[-2.60862039, -0.60007673,  1.04640951,  0.69817904,  1.9732039 ,
         3.03724061,  1.37180713, -3.10944822,  2.38637291, -0.91070727]]), 1: array([[ 1.31325239, -1.55951532,  0.50155291,  1.63383719,  0.25600377,
         1.0429314 , -2.22989767,  3.14938098, -0.58261736, -2.15278343]]), 2: array([[ 2.23635124, -1.41729513,  0.03179161,  1.30555625, -0.83653107,
         1.23502518, -1.00305052, -1.70395685]]), 3: array([[-1.36848737, -0.94541732,  1.39777609, -0.73069036,  2.02267306,
         0.8208874 ,  0.47794455, -2.08959884]]), 4: array([[ 1.63186261, -2.34435675, -1.48719187,  0.38039737]]), 5: array([[ 1.09585828,  0.10381033,  3.12168952, -0.90411405, -1.89342052]])}, 'last_likelihood': -251.19444779360217, 'last_error': 0.054869809116802885}
Resultados fold 3
-57.634131136181495
0.03307394072156095

 {'gating': array([[ 1.70005909, -1.8487481 , -0.7271048 ,  2.03926709,  0.0762295 ,
         0.40701468],
       [-2.78698187, -0.64043323, -0.44957784, -1.10423573,  0.33705578,
         0.9402531 ],
       [-0.6258391 , -1.64887344, -0.45712697,  0.40559753, -0.49975896,
         1.26095409],
       [ 3.20782446,  2.16127606, -1.68175347,  2.66196984,  2.18459621,
         0.35815774],
       [ 0.84740823,  0.09579433,  0.88600849, -0.39923424,  2.02814577,
         0.35880164],
       [ 1.46417017,  4.23660277,  5.60549433, -0.40155751, -2.32771635,
         0.07717758]]), 'expert_var': [0.05, 0.05, 0.05, 0.05, 0.05, 0.05], 'expert_W1': {0: array([[ 0.04753874,  2.11578945,  0.35125658,  0.07921287,  0.85869247,
         0.66318645],
       [ 2.51917666, -3.23467277, -4.61200945,  5.25649361,  5.32077668,
         0.95604539],
       [-0.37542728, -0.80357122,  1.23290474,  4.73874896,  6.37753671,
         2.29284973],
       [-1.4024959 ,  3.52230938, -0.54994566, -9.47109349, -4.48446491,
         4.88975275],
       [ 0.32402662,  4.41904453,  2.88686858,  1.72291157,  0.34946454,
         0.60585409],
       [-0.17550296, -0.42259033, -1.92481331,  1.32629426,  2.25029081,
         0.57152084],
       [ 0.05637492,  0.67225138,  0.33092885,  1.09252183, -2.03653206,
         1.8839634 ],
       [-1.53933361, -0.76293757, -0.02469869,  8.88810444,  2.86311976,
         4.11744889],
       [ 0.07933179,  0.12709649,  1.26729862,  1.82311253,  2.26622239,
         1.20705277]]), 1: array([[-0.38843538,  0.75996548,  2.79293399,  7.04502646, -0.82743539,
         2.43705453],
       [-0.46911108,  0.13620127, -0.27035835, -3.22983086,  0.10231431,
         0.99927168],
       [-0.17970521, -0.38760269, -0.08158035,  1.77521045,  0.70558683,
         0.13135214],
       [ 0.62873605,  0.10613134,  6.78501316, -0.07218836,  1.07131105,
         4.5341725 ],
       [ 0.43508623,  0.28137555,  4.50695569, -1.43799232,  1.01384137,
         4.04821463],
       [ 0.93109015,  1.13460925, -0.02828928,  1.08764142,  1.51847141,
         0.52916209],
       [ 4.49492793,  0.90059231,  1.36864593,  3.60350028, -1.65387874,
        -0.6143117 ],
       [-2.09913301,  0.40579424, -0.85887732, -2.10086747,  2.20728232,
         0.64902448],
       [ 0.05838435, -0.19036677,  0.09036409,  3.84606267,  0.37051578,
         4.42706034]]), 2: array([[ 8.94247072e-01,  2.33751291e+00, -1.33236311e-01,
         3.96214133e-01,  1.67091133e+00,  2.77910543e-01],
       [ 1.10079581e-01, -6.72386063e-03,  9.95061111e-01,
         2.03287712e+00,  1.86045892e+00,  5.97287377e-02],
       [-3.33562446e-01, -4.78655963e-02,  3.80091542e+00,
        -2.08505863e+00,  3.03551286e+00,  4.03467907e+00],
       [ 9.14664534e-01,  4.09449177e+00,  1.01019996e+01,
         1.61085375e+00, -5.16092540e+00,  2.16562843e-02],
       [ 8.84042065e-02,  2.44760593e-01, -3.52213126e-01,
        -1.75147841e-01,  1.61645312e+00,  1.71602716e+00],
       [ 1.74774434e+00,  3.05729244e+00,  1.19038676e+00,
        -6.81057745e-01,  3.14808687e+00, -2.49528050e-01],
       [-1.96456411e-02,  1.07195180e-01, -9.90316674e-03,
        -2.27228004e+00,  1.27577543e-01,  9.25417206e-01]]), 3: array([[-2.93671077e-01,  8.27439448e-01,  8.65433417e-01,
         3.49629423e-01, -4.69830601e-01, -1.70654498e-01],
       [-3.98038484e-01, -7.96362161e-01, -1.93889983e-01,
         2.19918392e+00, -2.19623282e+00, -8.48985196e-01],
       [ 3.86540189e-01,  4.61077898e-01, -3.92280684e-02,
        -5.25074485e-01,  1.91229968e+00,  6.06926679e-02],
       [-3.26175884e-03,  2.77271966e-01,  2.06778303e-01,
        -1.02524783e-01,  1.97857383e+00, -1.77109172e+00],
       [ 1.72036007e-01,  1.34191104e+00,  4.85817706e-01,
         7.71546395e-01,  2.62645464e+00,  3.61357263e-01],
       [-1.80793237e+00, -4.09778952e+00, -5.29428319e-02,
         6.64232925e+00,  2.66953595e+00,  2.06834187e+00],
       [-1.32196557e+00,  8.27053373e-01,  2.05594315e+00,
         7.55015353e+00,  6.09890948e+00, -4.32514763e+00]]), 4: array([[-0.26420312, -0.16828059,  2.04536928,  0.6002347 ,  1.9636552 ,
         1.48646619],
       [ 0.02310686, -0.18515713,  0.31093334,  1.18199116, -2.40239441,
         0.68729282],
       [-0.20555622, -0.13582043,  1.50140885,  0.58388595,  2.25712817,
         1.26604131]]), 5: array([[ 1.59395446e-01,  7.50224287e+00,  6.45211004e+00,
         2.43566097e-01, -6.76512798e+00,  7.72297869e-01],
       [ 7.42070566e-02,  4.09676127e-01,  3.72372060e+00,
         1.51922268e+00, -1.33015130e-01,  3.20631871e-01],
       [ 6.48870320e-02,  7.54186342e-01,  3.59373914e+00,
         1.17667721e+00, -2.53860451e+00, -8.67370056e-01],
       [-1.30636259e-03, -4.91935180e-02,  3.08197052e-02,
         2.63608531e-02,  1.84545759e+00,  1.64230068e+00]])}, 'expert_W2': {0: array([[-1.56736738, -0.29161487, -1.86819904,  0.72729879,  0.75772752,
         1.52313283,  0.92918093, -0.62197776,  3.05234314, -1.37688608]]), 1: array([[ 0.56578147, -1.2453788 , -1.17429198, -0.86251413,  0.95208642,
        -0.58449138,  0.4643038 ,  0.79873653,  2.45817502, -1.96309276]]), 2: array([[-0.45743594, -1.24661924,  0.40874697,  0.21032987,  2.35191895,
         0.37607976, -1.45935785, -1.31863933]]), 3: array([[ 0.42746271,  1.58033496,  2.31159424, -1.6666599 , -0.71934611,
        -0.43097312,  0.3387523 , -0.22186546]]), 4: array([[-3.59981319,  0.93657478,  3.65834927,  0.08003469]]), 5: array([[-0.28409833, -1.47559189,  1.40927984,  1.80192406, -0.21666348]])}, 'last_likelihood': -245.16853701070875, 'last_error': 0.05446712046573293}
Resultados fold 4
-197.29453931123612
0.09537075014107553

 {'gating': array([[-1.73560055, -0.50499861, -1.67768344,  2.6536383 ,  1.04819745,
        -1.26991295],
       [-1.40109459,  0.67853106, -0.23083816, -1.94057587,  0.30338082,
         1.08196528],
       [ 1.54581674, -1.14168878, -0.22736683, -1.29716327, -1.65969941,
         2.11918574],
       [ 0.97771671,  3.6172351 ,  2.41114224, -1.88799504,  1.0733299 ,
         0.78466071],
       [ 3.32973974,  1.60182535,  1.77150643,  7.70519329,  3.25974302,
        -0.89503544],
       [ 1.12435415, -1.6411765 , -0.65504889, -2.56576251, -1.38021531,
         1.05571755]]), 'expert_var': [0.05, 0.05, 0.05, 0.05, 0.05, 0.05], 'expert_W1': {0: array([[ 3.05713187,  1.44745714, -0.01767256,  4.5641236 ,  3.00176174,
         1.38765107],
       [-1.09334668,  4.59751454,  3.35175987,  2.95433127,  2.27485333,
         3.93983217],
       [ 1.11389267,  1.0819695 , -0.66771828,  0.5953348 ,  1.16868998,
         0.12992783],
       [ 0.97670174, -2.3542572 , -3.01068594,  4.31991015,  2.26849528,
        -2.45168055],
       [ 0.63002383,  3.98054076,  2.68945922, -3.97610381, -2.95786778,
         1.5036292 ],
       [-1.14083542,  1.8225312 ,  3.94054278, -0.45955133, -0.02276511,
         2.62804021],
       [ 0.63351032,  0.68053767, -0.50921489, -2.65898983, -2.66176796,
        -0.97309537],
       [ 4.15944278,  5.7954732 ,  3.8336831 ,  0.07333281, -4.77948661,
        -1.03430784],
       [ 0.78718547,  4.67742943,  2.30202978,  3.4776445 ,  3.47084869,
         3.92711782]]), 1: array([[ 4.09008122e-01, -3.91646899e-01,  6.17369275e-01,
         1.07794955e+00, -6.15456873e-01,  2.44561520e-01],
       [ 2.80278930e-01,  2.56008684e-01,  1.59288639e+00,
         2.37478691e-01,  1.26232952e-01,  8.63436154e-02],
       [ 8.62572724e-01, -3.04993684e-01, -2.14513208e-01,
         1.81691309e+00,  1.40062309e+00, -2.06253960e-02],
       [ 1.05160183e+00, -7.40130297e-01, -1.88810892e-01,
        -3.24768352e-01,  3.52934246e+00,  3.57827354e+00],
       [-1.20746670e-01,  4.91457496e+00,  5.82245901e+00,
         2.07720796e+00, -3.48816600e+00, -1.76310583e+00],
       [ 2.14522837e+00, -2.33881640e-01, -1.21588142e+00,
         2.47537208e+00, -2.12393432e+00,  1.48471815e-01],
       [ 3.55641031e+00,  4.13105433e-03, -2.63704837e+00,
         4.02691849e+00, -1.27613504e+00,  7.99406145e-01],
       [-4.16586851e-01,  1.34155028e+00, -7.62910050e-01,
         6.04935920e-01,  1.79618682e+00,  1.97998710e+00],
       [ 4.18226390e+00, -9.01584146e-02,  6.36635923e+00,
         1.78322266e+00,  9.58553758e-01,  1.30140777e+00]]), 2: array([[ 0.1077699 , -0.23785927,  1.75395977,  3.07541848,  2.28273862,
         0.13827819],
       [ 5.12337403, -0.47440491,  0.59497045,  4.1662564 , -1.74822973,
        -0.9418414 ],
       [-0.10678151, -1.09784969, -0.08261141,  0.62860381, -0.98383242,
        -0.77654126],
       [-0.68101933,  1.42982036,  1.1891731 , -0.42406688,  1.01443467,
         0.30774842],
       [ 0.007325  ,  0.96273247, -0.27156519,  0.11780446,  3.06918406,
         3.44267813],
       [-0.42202082,  3.85319849,  2.70117754, -3.19520459, -4.51841861,
        -1.28836952],
       [-0.31958592,  0.64356678, -0.51200058, -0.216021  ,  3.14268549,
         1.10081938]]), 3: array([[-0.50748183, -0.19649154,  2.82755699,  0.66537563, -2.85880121,
         1.71676495],
       [ 3.51491326,  0.72344724,  3.1379933 ,  6.99770387,  0.94499468,
        -0.63177239],
       [ 0.06180522,  0.14469356, -0.53772147, -0.06140771,  1.95549778,
         1.92047528],
       [ 0.51380351,  1.69441626,  0.82350258,  4.64667787,  1.18158975,
         1.50592297],
       [ 0.72883393,  1.22664786,  0.35395436,  3.06610182,  3.43528936,
         0.0173173 ],
       [-0.13486056, -0.25299184,  0.81527836,  1.54223866, -1.3389282 ,
         0.37285754],
       [ 0.25493777, -0.14817977, -0.4414911 ,  3.73879289,  0.29071875,
         1.0494498 ]]), 4: array([[-7.00710916e-03, -1.88295509e-02,  1.18023858e+00,
         4.16127550e-01,  2.28548192e+00,  1.15807366e+00],
       [ 7.27560530e-04, -2.75341685e-02,  1.60376308e+01,
        -3.98067185e+00,  3.69970397e+00,  9.79588158e+00],
       [ 8.38909826e-04, -5.87348882e-03, -2.39079311e-02,
        -7.67348053e-01,  1.94827813e+00, -1.18026053e+00]]), 5: array([[ 1.43885839e-01, -9.33213848e-03,  1.72127742e+00,
         6.60430232e-01, -1.95720682e+00, -8.41144070e-01],
       [-1.56586335e-01,  2.77195840e-01,  3.85122047e-01,
        -3.49216336e+00,  1.37780551e+00,  1.29123769e+00],
       [-2.23076814e-02, -7.84534684e-04,  1.20799044e+00,
         1.80590339e+00,  1.65980336e+00,  8.13474882e-01],
       [-1.86772097e-02,  3.76453635e-03, -4.27535540e-01,
        -3.83887309e-01,  1.50946531e+00,  9.58583782e-01]])}, 'expert_W2': {0: array([[ 0.96888089, -3.13599217, -0.9319712 ,  2.05150704,  1.3083003 ,
         2.29381893,  1.06973303, -0.43100382,  1.43700087,  1.00811597]]), 1: array([[ 1.92227447, -2.35550943, -1.25372871,  0.73855624,  0.31898064,
        -1.34632894,  0.71478397,  0.99814235,  1.28829812, -1.60235658]]), 2: array([[-0.61122911,  0.42049682,  2.34621947,  0.83702945,  1.7875511 ,
         0.4420649 ,  0.84816457, -0.56241867]]), 3: array([[-0.93434363,  0.24847674,  2.21643449,  0.65509133, -0.50650459,
         1.80383546, -1.27020518, -1.16026914]]), 4: array([[ 1.2911344 , -0.9140327 , -1.23790522, -0.52542718]]), 5: array([[ 1.56104941, -1.32687053, -1.10245122,  3.43802461, -0.32439545]])}, 'last_likelihood': -184.83130344563676, 'last_error': 0.04073230325083033}
Média erro 0.07710539899262402
Média likelihood -126.66245481333327
